9
0,1 0
1,1 1
0,2 1
0,1 2
2,1 2
1,2 2
0,1 2
1,2 2
0,3 2
1,1 3
0,2 3
1,1 3
3,1 3
0,2 3
1,1 3
1,1 3
0,2 3
0,2 3
1,1 3
0,2 3
0,4 3
0,1 4
2,1 4
1,2 4
0,1 4
1,2 4
0,3 4
0,1 4
2,1 4
1,2 4
2,1 4
4,1 4
0,1 4
1,2 4
0,3 4
0,1 4
2,1 4
1,2 4
0,1 4
2,1 4
1,2 4
0,1 4
1,2 4
0,3 4
0,1 4
1,2 4
0,3 4
0,1 4
2,1 4
1,2 4
0,1 4
1,2 4
0,3 4
0,3 4
1,1 5
0,2 5
1,1 5
3,1 5
0,2 5
1,1 5
1,1 5
0,2 5
0,2 5
1,1 5
0,2 5
0,4 5
1,1 5
0,2 5
1,1 5
3,1 5
0,2 5
1,1 5
1,1 5
3,1 5
3,1 5
4,2 5
1,1 5
0,2 5
0,2 5
1,1 5
0,2 5
0,4 5
1,1 5
0,2 5
1,1 5
3,1 5
0,2 5
1,1 5
1,1 5
0,2 5
1,1 5
3,1 5
0,2 5
1,1 5
1,1 5
0,2 5
0,2 5
1,1 5
0,2 5
0,4 5
1,1 5
0,2 5
0,2 5
1,1 5
0,2 5
0,4 5
1,1 5
0,2 5
1,1 5
3,1 5
0,2 5
1,1 5
1,1 5
0,2 5
0,2 5
1,1 5
0,2 5
0,4 5
0,2 5
0,4 5
0,1 6
2,1 6
1,2 6
0,1 6
1,2 6
0,3 6
0,1 6
2,1 6
1,2 6
2,1 6
4,1 6
0,1 6
1,2 6
0,3 6
0,1 6
2,1 6
1,2 6
0,1 6
2,1 6
1,2 6
0,1 6
1,2 6
0,3 6
0,1 6
1,2 6
0,3 6
0,1 6
2,1 6
1,2 6
0,1 6
1,2 6
0,3 6
0,3 6
0,1 6
2,1 6
1,2 6
0,1 6
1,2 6
0,3 6
0,1 6
2,1 6
1,2 6
2,1 6
4,1 6
0,1 6
1,2 6
0,3 6
0,1 6
2,1 6
1,2 6
0,1 6
2,1 6
1,2 6
2,1 6
4,1 6
2,1 6
4,1 6
4,1 6
4,3 6
0,1 6
2,1 6
1,2 6
0,1 6
1,2 6
0,3 6
0,1 6
1,2 6
0,3 6
0,1 6
2,1 6
1,2 6
0,1 6
1,2 6
0,3 6
0,3 6
0,1 6
2,1 6
1,2 6
0,1 6
1,2 6
0,3 6
0,1 6
2,1 6
1,2 6
2,1 6
4,1 6
0,1 6
1,2 6
0,3 6
0,1 6
2,1 6
1,2 6
0,1 6
2,1 6
1,2 6
0,1 6
1,2 6
0,3 6
0,1 6
2,1 6
1,2 6
2,1 6
4,1 6
0,1 6
1,2 6
0,3 6
0,1 6
2,1 6
1,2 6
0,1 6
2,1 6
1,2 6
0,1 6
1,2 6
0,3 6
0,1 6
1,2 6
0,3 6
0,1 6
2,1 6
1,2 6
0,1 6
1,2 6
0,3 6
0,3 6
0,1 6
2,1 6
1,2 6
0,1 6
1,2 6
0,3 6
0,1 6
1,2 6
0,3 6
0,1 6
2,1 6
1,2 6
0,1 6
1,2 6
0,3 6
0,3 6
0,1 6
2,1 6
1,2 6
0,1 6
1,2 6
0,3 6
0,1 6
2,1 6
1,2 6
2,1 6
4,1 6
0,1 6
1,2 6
0,3 6
0,1 6
2,1 6
1,2 6
0,1 6
2,1 6
1,2 6
0,1 6
1,2 6
0,3 6
0,1 6
1,2 6
0,3 6
0,1 6
2,1 6
1,2 6
0,1 6
1,2 6
0,3 6
0,3 6
0,1 6
1,2 6
0,3 6
0,3 6
1,1 7
0,2 7
1,1 7
3,1 7
0,2 7
1,1 7
1,1 7
0,2 7
0,2 7
1,1 7
0,2 7
0,4 7
1,1 7
0,2 7
1,1 7
3,1 7
0,2 7
1,1 7
1,1 7
3,1 7
3,1 7
4,2 7
1,1 7
0,2 7
0,2 7
1,1 7
0,2 7
0,4 7
1,1 7
0,2 7
1,1 7
3,1 7
0,2 7
1,1 7
1,1 7
0,2 7
1,1 7
3,1 7
0,2 7
1,1 7
1,1 7
0,2 7
0,2 7
1,1 7
0,2 7
0,4 7
1,1 7
0,2 7
0,2 7
1,1 7
0,2 7
0,4 7
1,1 7
0,2 7
1,1 7
3,1 7
0,2 7
1,1 7
1,1 7
0,2 7
0,2 7
1,1 7
0,2 7
0,4 7
0,2 7
0,4 7
1,1 7
0,2 7
1,1 7
3,1 7
0,2 7
1,1 7
1,1 7
0,2 7
0,2 7
1,1 7
0,2 7
0,4 7
1,1 7
0,2 7
1,1 7
3,1 7
0,2 7
1,1 7
1,1 7
3,1 7
3,1 7
4,2 7
1,1 7
0,2 7
0,2 7
1,1 7
0,2 7
0,4 7
1,1 7
0,2 7
1,1 7
3,1 7
0,2 7
1,1 7
1,1 7
0,2 7
1,1 7
3,1 7
0,2 7
1,1 7
1,1 7
3,1 7
3,1 7
4,2 7
1,1 7
3,1 7
3,1 7
4,2 7
3,1 7
4,2 7
4,2 7
4,4 7
1,1 7
0,2 7
1,1 7
3,1 7
0,2 7
1,1 7
1,1 7
0,2 7
0,2 7
1,1 7
0,2 7
0,4 7
1,1 7
0,2 7
0,2 7
1,1 7
0,2 7
0,4 7
1,1 7
0,2 7
1,1 7
3,1 7
0,2 7
1,1 7
1,1 7
0,2 7
0,2 7
1,1 7
0,2 7
0,4 7
0,2 7
0,4 7
1,1 7
0,2 7
1,1 7
3,1 7
0,2 7
1,1 7
1,1 7
0,2 7
0,2 7
1,1 7
0,2 7
0,4 7
1,1 7
0,2 7
1,1 7
3,1 7
0,2 7
1,1 7
1,1 7
3,1 7
3,1 7
4,2 7
1,1 7
0,2 7
0,2 7
1,1 7
0,2 7
0,4 7
1,1 7
0,2 7
1,1 7
3,1 7
0,2 7
1,1 7
1,1 7
0,2 7
1,1 7
3,1 7
0,2 7
1,1 7
1,1 7
0,2 7
0,2 7
1,1 7
0,2 7
0,4 7
1,1 7
0,2 7
1,1 7
3,1 7
0,2 7
1,1 7
1,1 7
3,1 7
3,1 7
4,2 7
1,1 7
0,2 7
0,2 7
1,1 7
0,2 7
0,4 7
1,1 7
0,2 7
1,1 7
3,1 7
0,2 7
1,1 7
1,1 7
0,2 7
1,1 7
3,1 7
0,2 7
1,1 7
1,1 7
0,2 7
0,2 7
1,1 7
0,2 7
0,4 7
1,1 7
0,2 7
0,2 7
1,1 7
0,2 7
0,4 7
1,1 7
0,2 7
1,1 7
3,1 7
0,2 7
1,1 7
1,1 7
0,2 7
0,2 7
1,1 7
0,2 7
0,4 7
0,2 7
0,4 7
1,1 7
0,2 7
1,1 7
3,1 7
0,2 7
1,1 7
1,1 7
0,2 7
0,2 7
1,1 7
0,2 7
0,4 7
1,1 7
0,2 7
0,2 7
1,1 7
0,2 7
0,4 7
1,1 7
0,2 7
1,1 7
3,1 7
0,2 7
1,1 7
1,1 7
0,2 7
0,2 7
1,1 7
0,2 7
0,4 7
0,2 7
0,4 7
1,1 7
0,2 7
1,1 7
3,1 7
0,2 7
1,1 7
1,1 7
0,2 7
0,2 7
1,1 7
0,2 7
0,4 7
1,1 7
0,2 7
1,1 7
3,1 7
0,2 7
1,1 7
1,1 7
3,1 7
3,1 7
4,2 7
1,1 7
0,2 7
0,2 7
1,1 7
0,2 7
0,4 7
1,1 7
0,2 7
1,1 7
3,1 7
0,2 7
1,1 7
1,1 7
0,2 7
1,1 7
3,1 7
0,2 7
1,1 7
1,1 7
0,2 7
0,2 7
1,1 7
0,2 7
0,4 7
1,1 7
0,2 7
0,2 7
1,1 7
0,2 7
0,4 7
1,1 7
0,2 7
1,1 7
3,1 7
0,2 7
1,1 7
1,1 7
0,2 7
0,2 7
1,1 7
0,2 7
0,4 7
0,2 7
0,4 7
1,1 7
0,2 7
0,2 7
1,1 7
0,2 7
0,4 7
0,2 7
0,4 7
0,1 8
2,1 8
1,2 8
0,1 8
1,2 8
0,3 8
0,1 8
2,1 8
1,2 8
2,1 8
4,1 8
0,1 8
1,2 8
0,3 8
0,1 8
2,1 8
1,2 8
0,1 8
2,1 8
1,2 8
0,1 8
1,2 8
0,3 8
0,1 8
1,2 8
0,3 8
0,1 8
2,1 8
1,2 8
0,1 8
1,2 8
0,3 8
0,3 8
1,4 8
0,1 8
2,1 8
1,2 8
0,1 8
1,2 8
0,3 8
0,1 8
2,1 8
1,2 8
2,1 8
4,1 8
0,1 8
1,2 8
0,3 8
0,1 8
2,1 8
1,2 8
0,1 8
2,1 8
1,2 8
2,1 8
4,1 8
2,1 8
4,1 8
4,1 8
4,3 8
0,1 8
2,1 8
1,2 8
0,1 8
1,2 8
0,3 8
0,1 8
1,2 8
0,3 8
0,1 8
2,1 8
1,2 8
0,1 8
1,2 8
0,3 8
0,3 8
0,1 8
2,1 8
1,2 8
0,1 8
1,2 8
0,3 8
0,1 8
2,1 8
1,2 8
2,1 8
4,1 8
0,1 8
1,2 8
0,3 8
0,1 8
2,1 8
1,2 8
0,1 8
2,1 8
1,2 8
0,1 8
1,2 8
0,3 8
0,1 8
2,1 8
1,2 8
2,1 8
4,1 8
0,1 8
1,2 8
0,3 8
0,1 8
2,1 8
1,2 8
0,1 8
2,1 8
1,2 8
0,1 8
1,2 8
0,3 8
0,1 8
1,2 8
0,3 8
0,1 8
2,1 8
1,2 8
0,1 8
1,2 8
0,3 8
0,3 8
0,1 8
2,1 8
1,2 8
0,1 8
1,2 8
0,3 8
0,1 8
1,2 8
0,3 8
0,1 8
2,1 8
1,2 8
0,1 8
1,2 8
0,3 8
0,3 8
0,1 8
2,1 8
1,2 8
0,1 8
1,2 8
0,3 8
0,1 8
2,1 8
1,2 8
2,1 8
4,1 8
0,1 8
1,2 8
0,3 8
0,1 8
2,1 8
1,2 8
0,1 8
2,1 8
1,2 8
0,1 8
1,2 8
0,3 8
0,1 8
1,2 8
0,3 8
0,1 8
2,1 8
1,2 8
0,1 8
1,2 8
0,3 8
0,3 8
1,4 8
0,1 8
1,2 8
0,3 8
0,3 8
0,1 8
2,1 8
1,2 8
0,1 8
1,2 8
0,3 8
0,1 8
2,1 8
1,2 8
2,1 8
4,1 8
0,1 8
1,2 8
0,3 8
0,1 8
2,1 8
1,2 8
0,1 8
2,1 8
1,2 8
0,1 8
1,2 8
0,3 8
0,1 8
1,2 8
0,3 8
0,1 8
2,1 8
1,2 8
0,1 8
1,2 8
0,3 8
0,3 8
1,4 8
0,1 8
2,1 8
1,2 8
0,1 8
1,2 8
0,3 8
0,1 8
2,1 8
1,2 8
2,1 8
4,1 8
0,1 8
1,2 8
0,3 8
0,1 8
2,1 8
1,2 8
0,1 8
2,1 8
1,2 8
2,1 8
4,1 8
2,1 8
4,1 8
4,1 8
4,3 8
0,1 8
2,1 8
1,2 8
0,1 8
1,2 8
0,3 8
0,1 8
1,2 8
0,3 8
0,1 8
2,1 8
1,2 8
0,1 8
1,2 8
0,3 8
0,3 8
0,1 8
2,1 8
1,2 8
0,1 8
1,2 8
0,3 8
0,1 8
2,1 8
1,2 8
2,1 8
4,1 8
0,1 8
1,2 8
0,3 8
0,1 8
2,1 8
1,2 8
0,1 8
2,1 8
1,2 8
0,1 8
1,2 8
0,3 8
0,1 8
2,1 8
1,2 8
2,1 8
4,1 8
0,1 8
1,2 8
0,3 8
0,1 8
2,1 8
1,2 8
0,1 8
2,1 8
1,2 8
2,1 8
4,1 8
2,1 8
4,1 8
4,1 8
4,3 8
0,1 8
2,1 8
1,2 8
2,1 8
4,1 8
2,1 8
4,1 8
4,1 8
4,3 8
2,1 8
4,1 8
4,1 8
4,3 8
4,1 8
4,3 8
3,4 8
4,3 8
0,1 8
2,1 8
1,2 8
0,1 8
1,2 8
0,3 8
0,1 8
2,1 8
1,2 8
2,1 8
4,1 8
0,1 8
1,2 8
0,3 8
0,1 8
2,1 8
1,2 8
0,1 8
2,1 8
1,2 8
0,1 8
1,2 8
0,3 8
0,1 8
1,2 8
0,3 8
0,1 8
2,1 8
1,2 8
0,1 8
1,2 8
0,3 8
0,3 8
0,1 8
2,1 8
1,2 8
0,1 8
1,2 8
0,3 8
0,1 8
1,2 8
0,3 8
0,1 8
2,1 8
1,2 8
0,1 8
1,2 8
0,3 8
0,3 8
0,1 8
2,1 8
1,2 8
0,1 8
1,2 8
0,3 8
0,1 8
2,1 8
1,2 8
2,1 8
4,1 8
0,1 8
1,2 8
0,3 8
0,1 8
2,1 8
1,2 8
0,1 8
2,1 8
1,2 8
0,1 8
1,2 8
0,3 8
0,1 8
1,2 8
0,3 8
0,1 8
2,1 8
1,2 8
0,1 8
1,2 8
0,3 8
0,3 8
1,4 8
0,1 8
1,2 8
0,3 8
0,3 8
0,1 8
2,1 8
1,2 8
0,1 8
1,2 8
0,3 8
0,1 8
2,1 8
1,2 8
2,1 8
4,1 8
0,1 8
1,2 8
0,3 8
0,1 8
2,1 8
1,2 8
0,1 8
2,1 8
1,2 8
0,1 8
1,2 8
0,3 8
0,1 8
1,2 8
0,3 8
0,1 8
2,1 8
1,2 8
0,1 8
1,2 8
0,3 8
0,3 8
1,4 8
0,1 8
2,1 8
1,2 8
0,1 8
1,2 8
0,3 8
0,1 8
2,1 8
1,2 8
2,1 8
4,1 8
0,1 8
1,2 8
0,3 8
0,1 8
2,1 8
1,2 8
0,1 8
2,1 8
1,2 8
2,1 8
4,1 8
2,1 8
4,1 8
4,1 8
4,3 8
0,1 8
2,1 8
1,2 8
0,1 8
1,2 8
0,3 8
0,1 8
1,2 8
0,3 8
0,1 8
2,1 8
1,2 8
0,1 8
1,2 8
0,3 8
0,3 8
0,1 8
2,1 8
1,2 8
0,1 8
1,2 8
0,3 8
0,1 8
2,1 8
1,2 8
2,1 8
4,1 8
0,1 8
1,2 8
0,3 8
0,1 8
2,1 8
1,2 8
0,1 8
2,1 8
1,2 8
0,1 8
1,2 8
0,3 8
0,1 8
2,1 8
1,2 8
2,1 8
4,1 8
0,1 8
1,2 8
0,3 8
0,1 8
2,1 8
1,2 8
0,1 8
2,1 8
1,2 8
0,1 8
1,2 8
0,3 8
0,1 8
1,2 8
0,3 8
0,1 8
2,1 8
1,2 8
0,1 8
1,2 8
0,3 8
0,3 8
1,4 8
0,1 8
2,1 8
1,2 8
0,1 8
1,2 8
0,3 8
0,1 8
2,1 8
1,2 8
2,1 8
4,1 8
0,1 8
1,2 8
0,3 8
0,1 8
2,1 8
1,2 8
0,1 8
2,1 8
1,2 8
2,1 8
4,1 8
2,1 8
4,1 8
4,1 8
4,3 8
0,1 8
2,1 8
1,2 8
0,1 8
1,2 8
0,3 8
0,1 8
1,2 8
0,3 8
0,1 8
2,1 8
1,2 8
0,1 8
1,2 8
0,3 8
0,3 8
0,1 8
2,1 8
1,2 8
0,1 8
1,2 8
0,3 8
0,1 8
2,1 8
1,2 8
2,1 8
4,1 8
0,1 8
1,2 8
0,3 8
0,1 8
2,1 8
1,2 8
0,1 8
2,1 8
1,2 8
0,1 8
1,2 8
0,3 8
0,1 8
2,1 8
1,2 8
2,1 8
4,1 8
0,1 8
1,2 8
0,3 8
0,1 8
2,1 8
1,2 8
0,1 8
2,1 8
1,2 8
0,1 8
1,2 8
0,3 8
0,1 8
1,2 8
0,3 8
0,1 8
2,1 8
1,2 8
0,1 8
1,2 8
0,3 8
0,3 8
0,1 8
2,1 8
1,2 8
0,1 8
1,2 8
0,3 8
0,1 8
1,2 8
0,3 8
0,1 8
2,1 8
1,2 8
0,1 8
1,2 8
0,3 8
0,3 8
0,1 8
2,1 8
1,2 8
0,1 8
1,2 8
0,3 8
0,1 8
2,1 8
1,2 8
2,1 8
4,1 8
0,1 8
1,2 8
0,3 8
0,1 8
2,1 8
1,2 8
0,1 8
2,1 8
1,2 8
0,1 8
1,2 8
0,3 8
0,1 8
1,2 8
0,3 8
0,1 8
2,1 8
1,2 8
0,1 8
1,2 8
0,3 8
0,3 8
1,4 8
0,1 8
1,2 8
0,3 8
0,3 8
0,1 8
2,1 8
1,2 8
0,1 8
1,2 8
0,3 8
0,1 8
2,1 8
1,2 8
2,1 8
4,1 8
0,1 8
1,2 8
0,3 8
0,1 8
2,1 8
1,2 8
0,1 8
2,1 8
1,2 8
0,1 8
1,2 8
0,3 8
0,1 8
1,2 8
0,3 8
0,1 8
2,1 8
1,2 8
0,1 8
1,2 8
0,3 8
0,3 8
0,1 8
2,1 8
1,2 8
0,1 8
1,2 8
0,3 8
0,1 8
1,2 8
0,3 8
0,1 8
2,1 8
1,2 8
0,1 8
1,2 8
0,3 8
0,3 8
0,1 8
2,1 8
1,2 8
0,1 8
1,2 8
0,3 8
0,1 8
2,1 8
1,2 8
2,1 8
4,1 8
0,1 8
1,2 8
0,3 8
0,1 8
2,1 8
1,2 8
0,1 8
2,1 8
1,2 8
0,1 8
1,2 8
0,3 8
0,1 8
1,2 8
0,3 8
0,1 8
2,1 8
1,2 8
0,1 8
1,2 8
0,3 8
0,3 8
1,4 8
0,1 8
1,2 8
0,3 8
0,3 8
0,1 8
2,1 8
1,2 8
0,1 8
1,2 8
0,3 8
0,1 8
2,1 8
1,2 8
2,1 8
4,1 8
0,1 8
1,2 8
0,3 8
0,1 8
2,1 8
1,2 8
0,1 8
2,1 8
1,2 8
0,1 8
1,2 8
0,3 8
0,1 8
1,2 8
0,3 8
0,1 8
2,1 8
1,2 8
0,1 8
1,2 8
0,3 8
0,3 8
0,1 8
2,1 8
1,2 8
0,1 8
1,2 8
0,3 8
0,1 8
2,1 8
1,2 8
2,1 8
4,1 8
0,1 8
1,2 8
0,3 8
0,1 8
2,1 8
1,2 8
0,1 8
2,1 8
1,2 8
2,1 8
4,1 8
2,1 8
4,1 8
4,1 8
4,3 8
0,1 8
2,1 8
1,2 8
0,1 8
1,2 8
0,3 8
0,1 8
1,2 8
0,3 8
0,1 8
2,1 8
1,2 8
0,1 8
1,2 8
0,3 8
0,3 8
0,1 8
2,1 8
1,2 8
0,1 8
1,2 8
0,3 8
0,1 8
2,1 8
1,2 8
2,1 8
4,1 8
0,1 8
1,2 8
0,3 8
0,1 8
2,1 8
1,2 8
0,1 8
2,1 8
1,2 8
0,1 8
1,2 8
0,3 8
0,1 8
2,1 8
1,2 8
2,1 8
4,1 8
0,1 8
1,2 8
0,3 8
0,1 8
2,1 8
1,2 8
0,1 8
2,1 8
1,2 8
0,1 8
1,2 8
0,3 8
0,1 8
1,2 8
0,3 8
0,1 8
2,1 8
1,2 8
0,1 8
1,2 8
0,3 8
0,3 8
0,1 8
2,1 8
1,2 8
0,1 8
1,2 8
0,3 8
0,1 8
1,2 8
0,3 8
0,1 8
2,1 8
1,2 8
0,1 8
1,2 8
0,3 8
0,3 8
0,1 8
2,1 8
1,2 8
0,1 8
1,2 8
0,3 8
0,1 8
2,1 8
1,2 8
2,1 8
4,1 8
0,1 8
1,2 8
0,3 8
0,1 8
2,1 8
1,2 8
0,1 8
2,1 8
1,2 8
0,1 8
1,2 8
0,3 8
0,1 8
1,2 8
0,3 8
0,1 8
2,1 8
1,2 8
0,1 8
1,2 8
0,3 8
0,3 8
0,1 8
1,2 8
0,3 8
0,3 8
0,1 8
2,1 8
1,2 8
0,1 8
1,2 8
0,3 8
0,1 8
1,2 8
0,3 8
0,1 8
2,1 8
1,2 8
0,1 8
1,2 8
0,3 8
0,3 8
0,1 8
1,2 8
0,3 8
0,3 8
1,1 9
0,2 9
1,1 9
3,1 9
0,2 9
1,1 9
1,1 9
0,2 9
0,2 9
1,1 9
0,2 9
0,4 9
1,1 9
0,2 9
1,1 9
3,1 9
0,2 9
1,1 9
1,1 9
3,1 9
3,1 9
4,2 9
1,1 9
0,2 9
0,2 9
1,1 9
0,2 9
0,4 9
1,1 9
0,2 9
1,1 9
3,1 9
0,2 9
1,1 9
1,1 9
0,2 9
1,1 9
3,1 9
0,2 9
1,1 9
1,1 9
0,2 9
0,2 9
1,1 9
0,2 9
0,4 9
1,1 9
0,2 9
0,2 9
1,1 9
0,2 9
0,4 9
1,1 9
0,2 9
1,1 9
3,1 9
0,2 9
1,1 9
1,1 9
0,2 9
0,2 9
1,1 9
0,2 9
0,4 9
0,2 9
0,4 9
0,4 9
9
